function [q1, q2, q3] = equations(r0, re, l1, l2, xe, ye, ze)
xe1 = re + xe;
ye3, ze3, xp1, yp1, zp1, xp2, yp2, zp2, xp3, yp3, zp3)
k = 0;
q1 = zeros(1,4);
q2 = zeros(1,4);
q3 = zeros(1,4);
q1(1) = asin((xe1*(2*l1^2*xe1^2 + 2*l2^2*xe1^2 + 2*l1^2*xp1^2 + 2*l2^2*xp1^2 - 2*l1^2*ye1^2 + 2*l2^2*ye1^2 - 2*l1^2*yp1^2 + 2*l2^2*yp1^2 + 2*l1^2*ze1^2 + 2*l2^2*ze1^2 + 2*l1^2*zp1^2 + 2*l2^2*zp1^2 - 6*xe1^2*xp1^2 - 2*xe1^2*ye1^2 - 2*xe1^2*yp1^2 - 2*xp1^2*ye1^2 - 2*xp1^2*yp1^2 - 2*xe1^2*ze1^2 - 2*xe1^2*zp1^2 - 2*xp1^2*ze1^2 - 6*ye1^2*yp1^2 - 2*xp1^2*zp1^2 - 2*ye1^2*ze1^2 - 2*ye1^2*zp1^2 - 2*yp1^2*ze1^2 - 2*yp1^2*zp1^2 - 6*ze1^2*zp1^2 + 4*xe1*xp1^3 + 4*xe1^3*xp1 + 4*ye1*yp1^3 + 4*ye1^3*yp1 + 4*ze1*zp1^3 + 4*ze1^3*zp1 - l1^4 - l2^4 - xe1^4 - xp1^4 - ye1^4 - yp1^4 - ze1^4 - zp1^4 + 2*l1^2*l2^2 - 4*l1^2*xe1*xp1 - 4*l2^2*xe1*xp1 + 4*l1^2*ye1*yp1 - 4*l2^2*ye1*yp1 - 4*l1^2*ze1*zp1 - 4*l2^2*ze1*zp1 + 4*xe1*xp1*ye1^2 + 4*xe1*xp1*yp1^2 + 4*xe1*xp1*ze1^2 + 4*xe1^2*ye1*yp1 + 4*xe1*xp1*zp1^2 + 4*xp1^2*ye1*yp1 + 4*ye1*yp1*ze1^2 + 4*xe1^2*ze1*zp1 + 4*ye1*yp1*zp1^2 + 4*xp1^2*ze1*zp1 + 4*ye1^2*ze1*zp1 + 4*yp1^2*ze1*zp1 - 8*xe1*xp1*ye1*yp1 - 8*xe1*xp1*ze1*zp1 - 8*ye1*yp1*ze1*zp1)^(1/2) - xp1*(2*l1^2*xe1^2 + 2*l2^2*xe1^2 + 2*l1^2*xp1^2 + 2*l2^2*xp1^2 - 2*l1^2*ye1^2 + 2*l2^2*ye1^2 - 2*l1^2*yp1^2 + 2*l2^2*yp1^2 + 2*l1^2*ze1^2 + 2*l2^2*ze1^2 + 2*l1^2*zp1^2 + 2*l2^2*zp1^2 - 6*xe1^2*xp1^2 - 2*xe1^2*ye1^2 - 2*xe1^2*yp1^2 - 2*xp1^2*ye1^2 - 2*xp1^2*yp1^2 - 2*xe1^2*ze1^2 - 2*xe1^2*zp1^2 - 2*xp1^2*ze1^2 - 6*ye1^2*yp1^2 - 2*xp1^2*zp1^2 - 2*ye1^2*ze1^2 - 2*ye1^2*zp1^2 - 2*yp1^2*ze1^2 - 2*yp1^2*zp1^2 - 6*ze1^2*zp1^2 + 4*xe1*xp1^3 + 4*xe1^3*xp1 + 4*ye1*yp1^3 + 4*ye1^3*yp1 + 4*ze1*zp1^3 + 4*ze1^3*zp1 - l1^4 - l2^4 - xe1^4 - xp1^4 - ye1^4 - yp1^4 - ze1^4 - zp1^4 + 2*l1^2*l2^2 - 4*l1^2*xe1*xp1 - 4*l2^2*xe1*xp1 + 4*l1^2*ye1*yp1 - 4*l2^2*ye1*yp1 - 4*l1^2*ze1*zp1 - 4*l2^2*ze1*zp1 + 4*xe1*xp1*ye1^2 + 4*xe1*xp1*yp1^2 + 4*xe1*xp1*ze1^2 + 4*xe1^2*ye1*yp1 + 4*xe1*xp1*zp1^2 + 4*xp1^2*ye1*yp1 + 4*ye1*yp1*ze1^2 + 4*xe1^2*ze1*zp1 + 4*ye1*yp1*zp1^2 + 4*xp1^2*ze1*zp1 + 4*ye1^2*ze1*zp1 + 4*yp1^2*ze1*zp1 - 8*xe1*xp1*ye1*yp1 - 8*xe1*xp1*ze1*zp1 - 8*ye1*yp1*ze1*zp1)^(1/2) - l1^2*ze1 + l2^2*ze1 + l1^2*zp1 - l2^2*zp1 - xe1^2*ze1 + xe1^2*zp1 - xp1^2*ze1 + xp1^2*zp1 - ye1^2*ze1 + ye1^2*zp1 - yp1^2*ze1 + yp1^2*zp1 - 3*ze1*zp1^2 + 3*ze1^2*zp1 - ze1^3 + zp1^3 + 2*xe1*xp1*ze1 - 2*xe1*xp1*zp1 + 2*ye1*yp1*ze1 - 2*ye1*yp1*zp1)/(2*l1*(xe1^2 - 2*ze1*zp1 - 2*xe1*xp1 + xp1^2 + ze1^2 + zp1^2))) + 2*k*pi;
q1(2) = 2*k*pi - asin((xe1*(2*l1^2*xe1^2 + 2*l2^2*xe1^2 + 2*l1^2*xp1^2 + 2*l2^2*xp1^2 - 2*l1^2*ye1^2 + 2*l2^2*ye1^2 - 2*l1^2*yp1^2 + 2*l2^2*yp1^2 + 2*l1^2*ze1^2 + 2*l2^2*ze1^2 + 2*l1^2*zp1^2 + 2*l2^2*zp1^2 - 6*xe1^2*xp1^2 - 2*xe1^2*ye1^2 - 2*xe1^2*yp1^2 - 2*xp1^2*ye1^2 - 2*xp1^2*yp1^2 - 2*xe1^2*ze1^2 - 2*xe1^2*zp1^2 - 2*xp1^2*ze1^2 - 6*ye1^2*yp1^2 - 2*xp1^2*zp1^2 - 2*ye1^2*ze1^2 - 2*ye1^2*zp1^2 - 2*yp1^2*ze1^2 - 2*yp1^2*zp1^2 - 6*ze1^2*zp1^2 + 4*xe1*xp1^3 + 4*xe1^3*xp1 + 4*ye1*yp1^3 + 4*ye1^3*yp1 + 4*ze1*zp1^3 + 4*ze1^3*zp1 - l1^4 - l2^4 - xe1^4 - xp1^4 - ye1^4 - yp1^4 - ze1^4 - zp1^4 + 2*l1^2*l2^2 - 4*l1^2*xe1*xp1 - 4*l2^2*xe1*xp1 + 4*l1^2*ye1*yp1 - 4*l2^2*ye1*yp1 - 4*l1^2*ze1*zp1 - 4*l2^2*ze1*zp1 + 4*xe1*xp1*ye1^2 + 4*xe1*xp1*yp1^2 + 4*xe1*xp1*ze1^2 + 4*xe1^2*ye1*yp1 + 4*xe1*xp1*zp1^2 + 4*xp1^2*ye1*yp1 + 4*ye1*yp1*ze1^2 + 4*xe1^2*ze1*zp1 + 4*ye1*yp1*zp1^2 + 4*xp1^2*ze1*zp1 + 4*ye1^2*ze1*zp1 + 4*yp1^2*ze1*zp1 - 8*xe1*xp1*ye1*yp1 - 8*xe1*xp1*ze1*zp1 - 8*ye1*yp1*ze1*zp1)^(1/2) - xp1*(2*l1^2*xe1^2 + 2*l2^2*xe1^2 + 2*l1^2*xp1^2 + 2*l2^2*xp1^2 - 2*l1^2*ye1^2 + 2*l2^2*ye1^2 - 2*l1^2*yp1^2 + 2*l2^2*yp1^2 + 2*l1^2*ze1^2 + 2*l2^2*ze1^2 + 2*l1^2*zp1^2 + 2*l2^2*zp1^2 - 6*xe1^2*xp1^2 - 2*xe1^2*ye1^2 - 2*xe1^2*yp1^2 - 2*xp1^2*ye1^2 - 2*xp1^2*yp1^2 - 2*xe1^2*ze1^2 - 2*xe1^2*zp1^2 - 2*xp1^2*ze1^2 - 6*ye1^2*yp1^2 - 2*xp1^2*zp1^2 - 2*ye1^2*ze1^2 - 2*ye1^2*zp1^2 - 2*yp1^2*ze1^2 - 2*yp1^2*zp1^2 - 6*ze1^2*zp1^2 + 4*xe1*xp1^3 + 4*xe1^3*xp1 + 4*ye1*yp1^3 + 4*ye1^3*yp1 + 4*ze1*zp1^3 + 4*ze1^3*zp1 - l1^4 - l2^4 - xe1^4 - xp1^4 - ye1^4 - yp1^4 - ze1^4 - zp1^4 + 2*l1^2*l2^2 - 4*l1^2*xe1*xp1 - 4*l2^2*xe1*xp1 + 4*l1^2*ye1*yp1 - 4*l2^2*ye1*yp1 - 4*l1^2*ze1*zp1 - 4*l2^2*ze1*zp1 + 4*xe1*xp1*ye1^2 + 4*xe1*xp1*yp1^2 + 4*xe1*xp1*ze1^2 + 4*xe1^2*ye1*yp1 + 4*xe1*xp1*zp1^2 + 4*xp1^2*ye1*yp1 + 4*ye1*yp1*ze1^2 + 4*xe1^2*ze1*zp1 + 4*ye1*yp1*zp1^2 + 4*xp1^2*ze1*zp1 + 4*ye1^2*ze1*zp1 + 4*yp1^2*ze1*zp1 - 8*xe1*xp1*ye1*yp1 - 8*xe1*xp1*ze1*zp1 - 8*ye1*yp1*ze1*zp1)^(1/2) + l1^2*ze1 - l2^2*ze1 - l1^2*zp1 + l2^2*zp1 + xe1^2*ze1 - xe1^2*zp1 + xp1^2*ze1 - xp1^2*zp1 + ye1^2*ze1 - ye1^2*zp1 + yp1^2*ze1 - yp1^2*zp1 + 3*ze1*zp1^2 - 3*ze1^2*zp1 + ze1^3 - zp1^3 - 2*xe1*xp1*ze1 + 2*xe1*xp1*zp1 - 2*ye1*yp1*ze1 + 2*ye1*yp1*zp1)/(2*l1*(xe1^2 - 2*ze1*zp1 - 2*xe1*xp1 + xp1^2 + ze1^2 + zp1^2)));
q1(3) = pi - asin((xe1*(2*l1^2*xe1^2 + 2*l2^2*xe1^2 + 2*l1^2*xp1^2 + 2*l2^2*xp1^2 - 2*l1^2*ye1^2 + 2*l2^2*ye1^2 - 2*l1^2*yp1^2 + 2*l2^2*yp1^2 + 2*l1^2*ze1^2 + 2*l2^2*ze1^2 + 2*l1^2*zp1^2 + 2*l2^2*zp1^2 - 6*xe1^2*xp1^2 - 2*xe1^2*ye1^2 - 2*xe1^2*yp1^2 - 2*xp1^2*ye1^2 - 2*xp1^2*yp1^2 - 2*xe1^2*ze1^2 - 2*xe1^2*zp1^2 - 2*xp1^2*ze1^2 - 6*ye1^2*yp1^2 - 2*xp1^2*zp1^2 - 2*ye1^2*ze1^2 - 2*ye1^2*zp1^2 - 2*yp1^2*ze1^2 - 2*yp1^2*zp1^2 - 6*ze1^2*zp1^2 + 4*xe1*xp1^3 + 4*xe1^3*xp1 + 4*ye1*yp1^3 + 4*ye1^3*yp1 + 4*ze1*zp1^3 + 4*ze1^3*zp1 - l1^4 - l2^4 - xe1^4 - xp1^4 - ye1^4 - yp1^4 - ze1^4 - zp1^4 + 2*l1^2*l2^2 - 4*l1^2*xe1*xp1 - 4*l2^2*xe1*xp1 + 4*l1^2*ye1*yp1 - 4*l2^2*ye1*yp1 - 4*l1^2*ze1*zp1 - 4*l2^2*ze1*zp1 + 4*xe1*xp1*ye1^2 + 4*xe1*xp1*yp1^2 + 4*xe1*xp1*ze1^2 + 4*xe1^2*ye1*yp1 + 4*xe1*xp1*zp1^2 + 4*xp1^2*ye1*yp1 + 4*ye1*yp1*ze1^2 + 4*xe1^2*ze1*zp1 + 4*ye1*yp1*zp1^2 + 4*xp1^2*ze1*zp1 + 4*ye1^2*ze1*zp1 + 4*yp1^2*ze1*zp1 - 8*xe1*xp1*ye1*yp1 - 8*xe1*xp1*ze1*zp1 - 8*ye1*yp1*ze1*zp1)^(1/2) - xp1*(2*l1^2*xe1^2 + 2*l2^2*xe1^2 + 2*l1^2*xp1^2 + 2*l2^2*xp1^2 - 2*l1^2*ye1^2 + 2*l2^2*ye1^2 - 2*l1^2*yp1^2 + 2*l2^2*yp1^2 + 2*l1^2*ze1^2 + 2*l2^2*ze1^2 + 2*l1^2*zp1^2 + 2*l2^2*zp1^2 - 6*xe1^2*xp1^2 - 2*xe1^2*ye1^2 - 2*xe1^2*yp1^2 - 2*xp1^2*ye1^2 - 2*xp1^2*yp1^2 - 2*xe1^2*ze1^2 - 2*xe1^2*zp1^2 - 2*xp1^2*ze1^2 - 6*ye1^2*yp1^2 - 2*xp1^2*zp1^2 - 2*ye1^2*ze1^2 - 2*ye1^2*zp1^2 - 2*yp1^2*ze1^2 - 2*yp1^2*zp1^2 - 6*ze1^2*zp1^2 + 4*xe1*xp1^3 + 4*xe1^3*xp1 + 4*ye1*yp1^3 + 4*ye1^3*yp1 + 4*ze1*zp1^3 + 4*ze1^3*zp1 - l1^4 - l2^4 - xe1^4 - xp1^4 - ye1^4 - yp1^4 - ze1^4 - zp1^4 + 2*l1^2*l2^2 - 4*l1^2*xe1*xp1 - 4*l2^2*xe1*xp1 + 4*l1^2*ye1*yp1 - 4*l2^2*ye1*yp1 - 4*l1^2*ze1*zp1 - 4*l2^2*ze1*zp1 + 4*xe1*xp1*ye1^2 + 4*xe1*xp1*yp1^2 + 4*xe1*xp1*ze1^2 + 4*xe1^2*ye1*yp1 + 4*xe1*xp1*zp1^2 + 4*xp1^2*ye1*yp1 + 4*ye1*yp1*ze1^2 + 4*xe1^2*ze1*zp1 + 4*ye1*yp1*zp1^2 + 4*xp1^2*ze1*zp1 + 4*ye1^2*ze1*zp1 + 4*yp1^2*ze1*zp1 - 8*xe1*xp1*ye1*yp1 - 8*xe1*xp1*ze1*zp1 - 8*ye1*yp1*ze1*zp1)^(1/2) - l1^2*ze1 + l2^2*ze1 + l1^2*zp1 - l2^2*zp1 - xe1^2*ze1 + xe1^2*zp1 - xp1^2*ze1 + xp1^2*zp1 - ye1^2*ze1 + ye1^2*zp1 - yp1^2*ze1 + yp1^2*zp1 - 3*ze1*zp1^2 + 3*ze1^2*zp1 - ze1^3 + zp1^3 + 2*xe1*xp1*ze1 - 2*xe1*xp1*zp1 + 2*ye1*yp1*ze1 - 2*ye1*yp1*zp1)/(2*l1*(xe1^2 - 2*ze1*zp1 - 2*xe1*xp1 + xp1^2 + ze1^2 + zp1^2))) + 2*k*pi;
