function ET_Tx = ET_Tx(x)
ET_Tx = [   1   0   0   x;
            0   1   0   0;
            0   0   1   0;
            0   0   0   1];