function ET_Ty = ET_Ty(y)
ET_Ty = [   1   0   0   0;
            0   1   0   y;
            0   0   1   0;
            0   0   0   1];