function ET_Tz = ET_Tz(z)
ET_Tz = [   1   0   0   0;
            0   1   0   0;
            0   0   1   z;
            0   0   0   1];